00000000000000000000 0000000001
00000000000000000002
00000000000000000015 00000000000000000003
00000000000000000003
00000000000000000000 00000000000000000000
00000000000000000000
00000000000000000000 00000000000000000000
00000000000000000000
00000000000000000000 00000000000000000000
00000000000000000000
00000000000000000001 0000000002
00000000000000000000
00000000000000000006 00000000000000000003
00000000000000000000
00000000000000000010 00000000000000000003
00000000000000000000
00000000000000000000 00000000000000000000
00000000000000000000
00000000000000000000 00000000000000000000
00000000000000000000
00000000000000000001 0000000002
00000000000000000000
00000000000000000032 00000000000000000003
00000000000000000000
00000000000000000046 00000000000000000003
00000000000000000000
00000000000000000000 00000000000000000000
00000000000000000000
00000000000000000000 00000000000000000000
00000000000000000000
